noire : 0, 36
verte : 6, 7, 12, 13, 14, 18, 19, 20, 24, 25, 26, 27, 30, 31, 32, 33
blue : 1, 2, 3, 4, 5, 8, 9, 10, 11, 15, 16, 17, 21, 22, 23, 28, 29, 34, 35

noire : 0, 36
verte : 6, 7, 12, 13, 14, 18, 19, 20, 21, 24, 25, 26, 27, 30, 31, 32, 33,
blue : 1, 2, 3, 4, 5, 8, 9, 10, 11, 15, 16, 17, 22, 23, 28, 29, 34, 35

noire : 0, 6, 36
blue : 1, 2, 3, 4, 5, 7, 8, 9, 10, 11, 15, 16, 17, 21, 22, 23, 28, 29,
verte : 12, 13, 14, 18, 19, 20, 24, 25, 26, 27, 30, 31, 32, 33, 34, 35,

noire : 0, 6, 36
blue : 1, 2, 3, 4, 5, 7, 8, 9, 10, 11, 14, 15, 16, 17, 21, 22, 23, 28, 29,
verte : 12, 13, 18, 19, 20, 24, 25, 26, 27, 30, 31, 32, 33, 34, 35,
rouge : 36

rouge : 0, 1, 6, 7, 12, 13, 36
blue: 2, 3, 4, 5, 8, 9, 10, 11, 14, 15, 16, 17, 21, 22, 23, 28, 29,
verte : 18, 19, 20, 24, 25, 26, 27, 30, 31, 32, 33, 34, 35

rouge : 0, 1, 2, 6, 7, 8, 12, 13,
blue : 3, 4, 5, 9, 10, 11, 15, 16, 17, 22, 23, 28, 29,
jaune : 18, 19, 14, 20, 21, 18, 19, 20, 21, 24, 25, 26, 27, 30, 31, 32, 33, 34,
white : 35, 36




